73
129
41
79
141
48
79
141
48
73
128
41
73
128
40
73
128
40
74
130
41
73
128
41
73
128
40
73
129
41
79
141
48
79
141
48
79
141
48
156
97
65
185
122
87
156
97
65
73
128
41
79
141
48
79
141
48
73
128
40
73
128
40
72
143
43
72
148
44
73
138
42
73
128
40
73
128
41
79
141
48
79
141
48
79
141
48
156
97
65
157
120
64
156
97
65
75
137
44
79
141
48
79
141
48
73
128
40
73
128
40
72
159
47
70
140
48
70
142
47
73
138
42
76
134
44
79
141
48
79
141
48
76
148
48
185
122
87
157
120
64
156
97
65
72
157
48
79
141
48
79
141
48
75
134
44
73
128
40
73
128
40
67
119
49
68
127
49
71
141
47
77
147
47
79
141
48
79
141
48
72
158
48
185
122
87
156
97
65
156
97
65
72
159
47
77
146
47
79
141
48
79
141
48
79
141
48
79
141
48
67
119
49
67
119
49
70
140
48
75
150
47
79
141
48
76
148
48
72
158
48
157
120
64
156
97
65
156
97
65
72
159
47
72
157
48
79
141
48
79
141
48
79
141
48
79
141
48
79
141
48
79
141
48
79
141
48
79
141
48
79
141
48
72
158
48
72
159
47
185
122
87
156
97
65
185
122
87
72
159
47
72
158
48
79
141
48
79
141
48
79
141
48
77
138
46
74
130
41
74
130
41
78
137
45
79
141
48
79
141
48
72
159
47
72
159
47
156
97
65
156
97
65
185
122
87
74
154
48
76
150
47
79
141
48
76
136
45
79
141
48
76
134
44
73
128
40
73
128
40
74
130
41
79
141
48
79
141
48
77
148
48
78
143
48
156
97
65
156
97
65
156
97
65
79
141
48
79
141
48
79
141
48
73
128
41
73
128
40
73
128
40
73
128
40
71
125
43
69
121
49
69
122
49
76
134
48
79
141
49
79
141
48
156
97
65
157
120
64
156
97
65
79
141
48
79
141
48
79
141
48
73
128
40
73
128
40
73
128
40
73
128
40
67
119
48
67
119
49
67
119
49
69
122
49
79
142
49
79
141
48
157
120
64
157
120
64
156
97
65
79
141
48
79
141
48
79
141
48
75
134
44
73
128
40
72
144
44
72
159
47
69
136
48
67
119
49
67
119
49
73
131
48
79
141
48
79
141
48
156
97
65
156
97
65
156
97
65
79
141
48
79
141
48
79
141
48
79
141
48
75
152
48
72
159
47
72
159
47
72
159
47
72
159
47
73
157
47
79
141
48
79
141
48
79
141
48
156
97
65
185
122
87
157
120
64
69
122
49
76
134
48
79
141
48
79
141
48
79
141
48
79
142
47
74
153
48
72
159
47
72
159
47
76
150
47
79
141
48
79
141
48
74
133
48
156
97
65
156
97
65
157
120
64
67
119
49
69
122
49
79
141
48
79
141
48
79
141
48
79
141
48
79
141
48
79
141
48
79
141
48
79
141
48
79
141
48
79
141
48
67
119
49
157
120
64
156
97
65
157
120
64
67
119
49
73
131
48
79
141
48
79
141
48
79
141
48
79
141
48
79
141
48
79
141
48
79
141
48
79
141
48
79
141
48
79
141
48
67
119
49
67
119
49
156
97
65
67
119
49
79
141
48
79
141
48
79
141
48
76
136
45
74
130
41
74
130
41
78
137
45
76
136
45
75
131
42
78
137
45
79
141
48
79
141
48
72
129
49
67
119
49
76
136
45
75
131
42