72
158
48
72
158
48
72
158
48
72
158
48
79
141
48
79
141
48
72
159
47
73
128
40
73
128
40
73
128
40
73
128
40
72
159
47
72
159
47
72
159
47
72
159
47
69
121
49
79
141
48
72
158
48
79
141
48
79
141
48
79
141
48
73
128
40
73
128
40
72
159
47
72
159
47
72
159
47
72
159
47
72
159
47
79
141
48
79
141
48
79
141
48
79
141
48
79
141
48
156
97
65
156
97
65
67
119
49
67
119
49
67
119
49
67
119
49
67
119
49
73
128
40
73
128
40
73
128
40
79
141
48
72
159
47
72
159
47
79
141
48
67
119
49
156
97
65
156
97
65
156
97
65
79
141
48
67
119
49
127
127
127
127
127
127
127
127
127
127
127
127
127
127
127
127
127
127
127
127
127
127
127
127
127
127
127
79
141
48
67
119
49
185
122
87
156
97
65
156
97
65
127
127
127
127
127
127
127
127
127
127
127
127
79
141
48
79
141
48
127
127
127
127
127
127
127
127
127
127
127
127
127
127
127
127
127
127
79
141
48
156
97
65
156
97
65
127
127
127
127
127
127
139
139
139
139
139
139
79
141
48
72
159
47
139
139
139
154
154
154
154
154
154
154
154
154
154
154
154
154
154
154
154
154
154
139
139
139
127
127
127
127
127
127
127
127
127
127
127
127
139
139
139
73
128
40
79
141
48
72
159
47
79
141
48
220
221
164
220
221
164
220
221
164
220
221
164
220
221
164
220
221
164
72
159
47
156
97
65
156
97
65
127
127
127
139
139
139
139
139
139
73
128
40
73
128
40
79
141
48
79
141
48
79
141
48
239
228
176
239
228
176
239
228
176
239
228
176
72
159
47
72
159
47
156
97
65
156
97
65
156
97
65
139
139
139
79
141
48
79
141
48
73
128
40
79
141
48
79
141
48
79
141
48
79
141
48
72
159
47
72
157
48
79
141
48
79
141
48
79
141
48
156
97
65
156
97
65
156
97
65
139
139
139
79
141
48
79
141
48
73
128
40
79
141
48
79
141
48
79
141
48
79
141
48
72
159
47
77
146
47
79
141
48
79
141
48
79
141
48
185
122
87
156
97
65
127
127
127
139
139
139
79
141
48
79
141
48
75
134
44
73
129
41
73
128
41
73
128
41
73
129
41
72
157
48
79
141
48
79
141
48
75
134
44
73
128
40
127
127
127
127
127
127
139
139
139
139
139
139
79
141
48
79
141
48
79
141
48
79
141
48
79
141
48
73
128
40
73
128
40
75
137
44
79
141
48
79
141
48
73
129
41
79
141
48
156
97
65
156
97
65
139
139
139
139
139
139
72
157
48
77
146
47
79
141
48
79
141
48
79
141
48
73
138
42
73
128
41
73
128
41
79
141
48
79
141
48
73
128
41
79
141
48
156
97
65
185
122
87
156
97
65
139
139
139
72
159
47
72
159
47
72
157
48
75
137
44
73
128
41
79
141
48
79
141
48
79
141
48
79
141
48
77
146
47
72
159
47
79
141
48
156
97
65
156
97
65
157
120
64
72
159
47
79
141
48
79
141
48
73
129
41
73
128
40
73
128
41
79
141
48
79
141
48
79
141
48
79
141
48
72
157
48
72
159
47
79
141
48
156
97
65
156
97
65
156
97
65
72
159
47
79
141
48
79
141
48
73
128
41
73
128
40
73
138
42
74
130
41
77
138
46
79
141
48
79
141
48
79
141
48
72
158
48
72
159
47