138
86
57
185
122
87
138
86
57
79
141
48
79
141
48
79
141
48
73
129
41
73
128
40
73
128
41
74
130
41
73
128
40
73
128
40
73
128
41
79
141
48
79
141
48
73
129
41
138
86
57
157
120
64
138
86
57
79
141
48
79
141
48
79
141
48
73
128
41
73
128
40
73
138
42
72
148
44
72
143
43
73
128
40
73
128
40
79
141
48
79
141
48
73
128
41
138
86
57
157
120
64
185
122
87
76
148
48
79
141
48
79
141
48
76
134
44
73
138
42
70
142
47
70
140
48
72
159
47
73
128
40
73
128
40
79
141
48
79
141
48
75
137
44
138
86
57
156
97
65
185
122
87
72
158
48
79
141
48
79
141
48
77
147
47
71
141
47
68
127
49
67
119
49
73
128
40
73
128
40
75
134
44
79
141
48
79
141
48
72
157
48
138
86
57
156
97
65
157
120
64
72
158
48
76
148
48
79
141
48
75
150
47
70
140
48
67
119
49
67
119
49
79
141
48
79
141
48
79
141
48
79
141
48
77
146
47
72
159
47
185
122
87
156
97
65
185
122
87
72
159
47
72
158
48
79
141
48
79
141
48
79
141
48
79
141
48
79
141
48
79
141
48
79
141
48
79
141
48
79
141
48
72
157
48
72
159
47
185
122
87
156
97
65
138
86
57
72
159
47
72
159
47
79
141
48
79
141
48
78
137
45
74
130
41
74
130
41
77
138
46
79
141
48
79
141
48
79
141
48
72
158
48
72
159
47
138
86
57
156
97
65
138
86
57
78
143
48
77
148
48
79
141
48
79
141
48
74
130
41
73
128
40
73
128
40
76
134
44
79
141
48
76
136
45
79
141
48
76
150
47
74
154
48
138
86
57
157
120
64
138
86
57
79
141
48
79
141
49
76
134
48
69
122
49
69
121
49
71
125
43
73
128
40
73
128
40
73
128
40
73
128
41
79
141
48
79
141
48
79
141
48
138
86
57
157
120
64
157
120
64
79
141
48
79
142
49
69
122
49
67
119
49
67
119
49
67
119
48
73
128
40
73
128
40
73
128
40
73
128
40
79
141
48
79
141
48
79
141
48
138
86
57
156
97
65
138
86
57
79
141
48
79
141
48
73
131
48
67
119
49
67
119
49
69
136
48
72
159
47
72
144
44
73
128
40
75
134
44
79
141
48
79
141
48
79
141
48
157
120
64
185
122
87
138
86
57
79
141
48
79
141
48
79
141
48
73
157
47
72
159
47
72
159
47
72
159
47
72
159
47
75
152
48
79
141
48
79
141
48
79
141
48
79
141
48
157
120
64
157
120
64
157
120
64
74
133
48
79
141
48
79
141
48
76
150
47
72
159
47
72
159
47
74
153
48
79
142
47
79
141
48
79
141
48
79
141
48
76
134
48
69
122
49
157
120
64
157
120
64
138
86
57
67
119
49
79
141
48
79
141
48
79
141
48
79
141
48
79
141
48
79
141
48
79
141
48
79
141
48
79
141
48
79
141
48
69
122
49
67
119
49
67
119
49
138
86
57
67
119
49
67
119
49
79
141
48
79
141
48
79
141
48
79
141
48
79
141
48
79
141
48
79
141
48
79
141
48
79
141
48
79
141
48
73
131
48
67
119
49
75
131
42
76
136
45
67
119
49
72
129
49
79
141
48
79
141
48
78
137
45
75
131
42
76
136
45
78
137
45
74
130
41
74
130
41
76
136
45
79
141
48
79
141
48
79
141
48