73
128
40
73
128
41
79
141
48
79
141
48
79
141
48
79
141
48
73
129
41
40
83
34
73
128
41
74
130
41
73
128
40
73
128
40
73
128
41
79
141
48
79
141
48
73
129
41
73
128
40
73
128
40
79
141
48
79
141
48
79
141
48
79
141
48
24
44
16
40
83
34
73
138
42
72
148
44
72
143
43
73
128
40
73
128
40
79
141
48
79
141
48
73
128
41
73
128
40
72
141
43
73
157
47
76
148
48
79
141
48
24
44
16
68
153
72
87
194
56
40
83
34
70
140
48
72
159
47
73
128
40
73
128
40
79
141
48
79
141
48
75
137
44
72
159
47
72
159
47
72
159
47
72
158
48
79
141
48
24
44
16
51
128
55
68
153
72
24
44
16
67
119
49
73
128
40
73
128
40
75
134
44
79
141
48
79
141
48
72
157
48
72
159
47
72
159
47
40
83
34
40
83
34
40
83
34
51
128
55
51
128
55
51
128
55
24
44
16
40
83
34
40
83
34
40
83
34
79
141
48
79
141
48
77
146
47
72
159
47
72
159
47
40
83
34
87
194
56
40
83
34
51
128
55
24
44
16
24
44
16
24
44
16
68
153
72
68
153
72
87
194
56
87
194
56
40
83
34
79
141
48
72
157
48
72
159
47
72
159
47
40
83
34
40
83
34
51
128
55
68
153
72
41
103
49
24
44
16
51
128
55
51
128
55
68
153
72
68
153
72
40
83
34
24
44
16
24
44
16
72
158
48
72
159
47
78
143
48
73
131
48
24
44
16
68
153
72
51
128
55
41
103
49
24
44
16
41
103
49
51
128
55
51
128
55
24
44
16
51
128
55
68
153
72
68
153
72
40
83
34
74
154
48
79
141
48
79
141
48
24
44
16
24
44
16
24
44
16
24
44
16
24
44
16
41
103
49
24
44
16
24
44
16
24
44
16
51
128
55
51
128
55
40
83
34
79
141
48
79
141
48
79
141
48
76
134
44
24
44
16
51
128
55
41
103
49
41
103
49
24
44
16
24
44
16
41
103
49
51
128
55
51
128
55
24
44
16
24
44
16
40
83
34
73
128
40
79
141
48
79
141
48
73
128
40
40
83
34
68
153
72
51
128
55
41
103
49
24
44
16
41
103
49
51
128
55
51
128
55
68
153
72
40
83
34
41
103
49
51
128
55
40
83
34
40
83
34
79
141
48
40
83
34
87
194
56
68
153
72
68
153
72
51
128
55
24
44
16
51
128
55
51
128
55
68
153
72
68
153
72
87
194
56
40
83
34
24
44
16
24
44
16
73
128
40
73
128
40
40
83
34
87
194
56
87
194
56
68
153
72
24
44
16
73
128
40
24
44
16
51
128
55
68
153
72
87
194
56
87
194
56
40
83
34
73
128
40
73
128
40
69
122
49
73
128
40
40
83
34
40
83
34
40
83
34
40
83
34
73
128
40
73
128
40
73
128
40
24
44
16
40
83
34
87
194
56
87
194
56
40
83
34
73
128
40
69
122
49
67
119
49
67
119
49
73
128
40
73
128
40
73
128
40
73
128
40
73
128
40
79
141
48
79
141
48
73
128
40
73
128
40
40
83
34
40
83
34
40
83
34
79
141
48
73
131
48
67
119
49
75
131
42
76
136
45
67
119
49
72
129
49
79
141
48
79
141
48
78
137
45
75
131
42
76
136
45
78
137
45
74
130
41
73
128
40
73
128
40
79
141
48
79
141
48
79
141
48
