138
86
57
156
97
65
157
120
64
72
158
48
72
159
47
72
159
47
79
141
48
73
128
41
79
141
48
76
148
48
72
158
48
72
158
48
72
159
47
72
159
47
79
141
48
73
128
41
138
86
57
156
97
65
138
86
57
76
148
48
72
158
48
72
159
47
79
141
48
75
137
44
79
141
48
79
141
48
79
141
48
76
148
48
72
158
48
72
159
47
79
141
48
75
137
44
138
86
57
156
97
65
138
86
57
79
141
48
79
141
48
79
141
48
79
141
48
72
157
48
79
141
48
79
141
48
79
141
48
79
141
48
79
141
48
79
141
48
79
141
48
72
157
48
157
120
64
156
97
65
185
122
87
75
150
47
79
141
48
79
141
48
77
146
47
72
159
47
73
128
41
76
134
44
77
147
47
75
150
47
79
141
48
79
141
48
77
146
47
72
159
47
157
120
64
156
97
65
138
86
57
72
159
47
72
158
48
76
148
48
79
141
48
73
128
40
73
128
40
73
138
42
71
141
47
70
140
48
79
141
48
78
137
45
72
157
48
72
159
47
157
120
64
156
97
65
138
86
57
79
141
48
79
141
48
79
141
48
79
141
48
73
128
41
73
138
42
70
142
47
68
127
49
67
119
49
79
141
48
74
130
41
72
158
48
72
159
47
138
86
57
185
122
87
138
86
57
79
141
48
79
141
48
75
150
47
77
147
47
74
130
41
72
148
44
70
140
48
67
119
49
67
119
49
79
141
48
74
130
41
76
150
47
74
154
48
138
86
57
156
97
65
157
120
64
78
137
45
79
141
48
70
140
48
71
141
47
73
128
40
72
143
43
72
159
47
73
128
40
79
141
48
79
141
48
77
138
46
79
141
48
79
141
48
138
86
57
156
97
65
138
86
57
74
130
41
79
141
48
67
119
49
68
127
49
73
128
40
73
128
40
73
128
40
73
128
40
79
141
48
79
141
48
79
141
48
79
141
48
79
141
48
138
86
57
156
97
65
138
86
57
74
130
41
79
141
48
67
119
49
67
119
49
73
128
41
73
128
40
73
128
40
75
134
44
79
141
48
79
141
48
79
141
48
79
141
48
79
141
48
138
86
57
156
97
65
138
86
57
77
138
46
79
141
48
79
141
48
73
128
40
79
141
48
79
141
48
79
141
48
79
141
48
79
141
48
79
141
48
79
141
48
79
141
48
79
141
48
138
86
57
156
97
65
138
86
57
79
141
48
79
141
48
79
141
48
73
128
40
79
141
48
79
141
48
79
141
48
79
141
48
77
146
47
72
157
48
72
158
48
76
134
48
69
122
49
138
86
57
156
97
65
138
86
57
79
141
48
79
141
48
79
141
48
75
134
44
73
129
41
73
128
41
75
137
44
69
121
49
71
125
43
73
128
40
73
128
40
73
128
40
73
128
41
138
86
57
156
97
65
185
122
87
79
141
48
79
141
48
79
141
48
79
141
48
79
141
48
79
141
48
69
121
49
71
125
43
73
128
40
73
128
40
73
128
40
73
128
41
79
141
48
138
86
57
156
97
65
138
86
57
72
158
48
72
157
48
77
146
47
79
141
48
79
141
48
79
141
48
67
119
49
67
119
48
73
128
40
73
128
40
73
128
40
73
128
40
79
141
48
138
86
57
156
97
65
185
122
87
72
159
47
72
159
47
72
159
47
72
157
48
75
137
44
73
128
41
67
119
49
69
136
48
72
159
47
72
144
44
73
128
40
75
134
44
79
141
48
