69
121
49
72
159
47
72
159
47
72
159
47
72
159
47
73
128
40
73
128
40
73
128
40
73
128
40
72
159
47
79
141
48
79
141
48
72
158
48
72
158
48
72
158
48
72
158
48
79
141
48
79
141
48
79
141
48
79
141
48
72
159
47
72
159
47
72
159
47
72
159
47
72
159
47
73
128
40
73
128
40
79
141
48
79
141
48
79
141
48
72
158
48
79
141
48
67
119
49
79
141
48
72
159
47
72
159
47
79
141
48
73
128
40
73
128
40
73
128
40
67
119
49
67
119
49
67
119
49
67
119
49
67
119
49
156
97
65
156
97
65
79
141
48
67
119
49
79
141
48
127
127
127
127
127
127
127
127
127
127
127
127
127
127
127
127
127
127
127
127
127
127
127
127
127
127
127
67
119
49
79
141
48
156
97
65
156
97
65
156
97
65
79
141
48
127
127
127
127
127
127
127
127
127
127
127
127
127
127
127
127
127
127
79
141
48
79
141
48
127
127
127
127
127
127
127
127
127
127
127
127
156
97
65
156
97
65
185
122
87
139
139
139
154
154
154
154
154
154
154
154
154
154
154
154
154
154
154
154
154
154
139
139
139
72
159
47
79
141
48
139
139
139
139
139
139
127
127
127
127
127
127
156
97
65
156
97
65
72
159
47
220
221
164
220
221
164
220
221
164
220
221
164
220
221
164
220
221
164
79
141
48
72
159
47
79
141
48
73
128
40
139
139
139
127
127
127
127
127
127
127
127
127
127
127
127
72
159
47
72
159
47
239
228
176
239
228
176
239
228
176
239
228
176
79
141
48
79
141
48
79
141
48
73
128
40
73
128
40
139
139
139
139
139
139
127
127
127
156
97
65
156
97
65
79
141
48
79
141
48
79
141
48
72
157
48
72
159
47
79
141
48
79
141
48
79
141
48
79
141
48
73
128
40
79
141
48
79
141
48
139
139
139
156
97
65
156
97
65
156
97
65
79
141
48
79
141
48
79
141
48
77
146
47
72
159
47
79
141
48
79
141
48
79
141
48
79
141
48
73
128
40
79
141
48
79
141
48
139
139
139
156
97
65
156
97
65
156
97
65
73
128
40
75
134
44
79
141
48
79
141
48
72
157
48
73
129
41
73
128
41
73
128
41
73
129
41
75
134
44
79
141
48
79
141
48
139
139
139
127
127
127
156
97
65
185
122
87
79
141
48
73
129
41
79
141
48
79
141
48
75
137
44
73
128
40
73
128
40
79
141
48
79
141
48
79
141
48
79
141
48
79
141
48
139
139
139
139
139
139
127
127
127
127
127
127
79
141
48
73
128
41
79
141
48
79
141
48
73
128
41
73
128
41
73
138
42
79
141
48
79
141
48
79
141
48
77
146
47
72
157
48
139
139
139
139
139
139
156
97
65
156
97
65
79
141
48
72
159
47
77
146
47
79
141
48
79
141
48
79
141
48
79
141
48
73
128
41
75
137
44
72
157
48
72
159
47
72
159
47
139
139
139
156
97
65
185
122
87
156
97
65
79
141
48
72
159
47
72
157
48
79
141
48
79
141
48
79
141
48
79
141
48
73
128
41
73
128
40
73
129
41
79
141
48
79
141
48
72
159
47
157
120
64
156
97
65
156
97
65
72
159
47
72
158
48
79
141
48
79
141
48
79
141
48
77
138
46
74
130
41
73
138
42
73
128
40
73
128
41
79
141
48
79
141
48
72
159
47
156
97
65
156
97
65
156
97
65
